pthreads 100 1 561.9549751281738
pthreads 100 2 588.2668495178223
pthreads 100 3 602.5886535644531
pthreads 100 4 449.5429992675781
pthreads 100 5 721.3854789733887
pthreads 100 6 842.0109748840332
pthreads 100 7 901.7467498779297
pthreads 100 8 892.946720123291
pthreads 100 9 979.1111946105957
pthreads 100 10 833.7044715881348
pthreads 100 11 880.882740020752
pthreads 100 12 775.2251625061035
pthreads 100 13 678.551197052002
pthreads 100 14 850.1982688903809
pthreads 100 15 701.7993927001953
pthreads 150 1 1037.2090339660645
pthreads 150 2 1101.7298698425293
pthreads 150 3 1107.039451599121
pthreads 150 4 1216.5236473083496
pthreads 150 5 1302.3567199707031
pthreads 150 6 1382.284164428711
pthreads 150 7 1400.1822471618652
pthreads 150 8 1426.856517791748
pthreads 150 9 1501.8081665039062
pthreads 150 10 1562.056541442871
pthreads 150 11 1664.6742820739746
pthreads 150 12 1639.6713256835938
pthreads 150 13 1518.411636352539
pthreads 150 14 1608.2286834716797
pthreads 150 15 1654.9491882324219
pthreads 200 1 1612.4892234802246
pthreads 200 2 1689.1098022460938
pthreads 200 3 1761.3625526428223
pthreads 200 4 2578.3634185791016
pthreads 200 5 2542.097568511963
pthreads 200 6 2645.261287689209
pthreads 200 7 2300.6606101989746
pthreads 200 8 2424.2138862609863
pthreads 200 9 2378.84521484375
pthreads 200 10 2291.533946990967
pthreads 200 11 2415.5306816101074
pthreads 200 12 2525.1126289367676
pthreads 200 13 2714.4455909729004
pthreads 200 14 2899.92094039917
pthreads 200 15 2882.1206092834473
pthreads 250 1 2905.428409576416
pthreads 250 2 2798.342704772949
pthreads 250 3 3581.4857482910156
pthreads 250 4 3527.851104736328
pthreads 250 5 3572.4639892578125
pthreads 250 6 4957.242012023926
pthreads 250 7 5092.966556549072
pthreads 250 8 4912.006855010986
pthreads 250 9 4836.256504058838
pthreads 250 10 5263.838768005371
pthreads 250 11 5305.595397949219
pthreads 250 12 5529.944896697998
pthreads 250 13 5159.597396850586
pthreads 250 14 5260.517597198486
pthreads 250 15 5593.16873550415
pthreads 300 1 6063.385009765625
pthreads 300 2 6751.861572265625
pthreads 300 3 6514.060497283936
pthreads 300 4 7100.381851196289
pthreads 300 5 7163.722515106201
pthreads 300 6 6902.108192443848
pthreads 300 7 7332.358360290527
pthreads 300 8 7809.5245361328125
pthreads 300 9 7621.407508850098
pthreads 300 10 8077.435493469238
pthreads 300 11 7307.939529418945
pthreads 300 12 8400.084972381592
pthreads 300 13 7753.918170928955
pthreads 300 14 7995.204925537109
pthreads 300 15 7244.350910186768
pthreads 350 1 7378.494739532471
pthreads 350 2 9408.352375030518
pthreads 350 3 10730.159282684326
pthreads 350 4 11827.294826507568
pthreads 350 5 8506.309986114502
pthreads 350 6 9083.37116241455
pthreads 350 7 8700.404167175293
pthreads 350 8 8780.038356781006
pthreads 350 9 11219.110488891602
pthreads 350 10 10494.952201843262
pthreads 350 11 9954.588413238525
pthreads 350 12 9224.870204925537
pthreads 350 13 10182.037353515625
pthreads 350 14 9314.67056274414
pthreads 350 15 9436.41185760498
pthreads 400 1 10288.455486297607
pthreads 400 2 12135.517597198486
pthreads 400 3 11626.441478729248
pthreads 400 4 11181.600093841553
pthreads 400 5 12509.527206420898
pthreads 400 6 12676.420211791992
pthreads 400 7 13246.386051177979
pthreads 400 8 13328.466415405273
pthreads 400 9 12462.797164916992
pthreads 400 10 12744.388580322266
pthreads 400 11 13804.867267608643
pthreads 400 12 13378.605842590332
pthreads 400 13 13010.318279266357
pthreads 400 14 12802.927494049072
pthreads 400 15 11459.341049194336
pthreads 450 1 13657.734394073486
pthreads 450 2 14544.434547424316
pthreads 450 3 13170.101642608643
pthreads 450 4 16217.422485351562
pthreads 450 5 14738.225936889648
pthreads 450 6 15534.31510925293
pthreads 450 7 18208.78267288208
pthreads 450 8 18160.70556640625
pthreads 450 9 15955.328941345215
pthreads 450 10 17665.812969207764
pthreads 450 11 17356.934547424316
pthreads 450 12 17862.82777786255
pthreads 450 13 16660.935878753662
pthreads 450 14 17943.789958953857
pthreads 450 15 18081.064224243164
pthreads 500 1 15287.673473358154
pthreads 500 2 16170.039176940918
pthreads 500 3 19423.985481262207
pthreads 500 4 20096.92668914795
pthreads 500 5 21724.092960357666
pthreads 500 6 21591.53938293457
pthreads 500 7 20700.91724395752
pthreads 500 8 20423.130989074707
pthreads 500 9 20456.652641296387
pthreads 500 10 19612.512588500977
pthreads 500 11 20418.949127197266
pthreads 500 12 19232.051372528076
pthreads 500 13 19817.705154418945
pthreads 500 14 20536.601543426514
pthreads 500 15 20106.000900268555
pthreads 550 1 20377.03275680542
pthreads 550 2 19878.09419631958
pthreads 550 3 20311.388969421387
pthreads 550 4 23545.570373535156
pthreads 550 5 24760.48469543457
pthreads 550 6 23128.719329833984
pthreads 550 7 22937.83187866211
pthreads 550 8 24867.448806762695
pthreads 550 9 24481.682777404785
pthreads 550 10 23891.6015625
pthreads 550 11 23220.160007476807
pthreads 550 12 24549.18146133423
pthreads 550 13 25088.517665863037
pthreads 550 14 23943.476676940918
pthreads 550 15 24807.62004852295
pthreads 600 1 23531.160354614258
pthreads 600 2 24754.080772399902
pthreads 600 3 22437.186241149902
pthreads 600 4 29913.334846496582
pthreads 600 5 27169.61145401001
pthreads 600 6 25304.44622039795
pthreads 600 7 25615.44895172119
pthreads 600 8 26154.55389022827
pthreads 600 9 27723.875045776367
pthreads 600 10 28478.95622253418
pthreads 600 11 30348.124504089355
pthreads 600 12 29284.071922302246
pthreads 600 13 27334.66863632202
pthreads 600 14 29088.86432647705
pthreads 600 15 26735.262870788574
pthreads 650 1 25532.619953155518
pthreads 650 2 30373.46363067627
pthreads 650 3 29572.82781600952
pthreads 650 4 28919.835090637207
pthreads 650 5 32596.747875213623
pthreads 650 6 31323.397159576416
pthreads 650 7 33250.12922286987
pthreads 650 8 31022.520065307617
pthreads 650 9 32430.32217025757
pthreads 650 10 34826.436042785645
pthreads 650 11 32650.3849029541
pthreads 650 12 31803.367137908936
pthreads 650 13 30638.434886932373
pthreads 650 14 34179.06999588013
pthreads 650 15 32484.874725341797
pthreads 700 1 28543.829917907715
pthreads 700 2 36705.827713012695
pthreads 700 3 32819.04697418213
pthreads 700 4 33061.03706359863
pthreads 700 5 33215.64435958862
pthreads 700 6 38745.150566101074
pthreads 700 7 42196.857929229736
pthreads 700 8 42036.6644859314
pthreads 700 9 39549.67737197876
pthreads 700 10 40127.72560119629
pthreads 700 11 40592.18883514404
pthreads 700 12 40294.437408447266
pthreads 700 13 40309.33618545532
pthreads 700 14 39641.3779258728
pthreads 700 15 40450.589656829834
pthreads 750 1 33011.882305145264
pthreads 750 2 44708.85753631592
pthreads 750 3 45418.52951049805
pthreads 750 4 42083.423137664795
pthreads 750 5 42385.91194152832
pthreads 750 6 45498.764514923096
pthreads 750 7 46323.699951171875
pthreads 750 8 48368.89743804932
pthreads 750 9 46176.88179016113
pthreads 750 10 44811.110496520996
pthreads 750 11 46548.64311218262
pthreads 750 12 49570.7893371582
pthreads 750 13 45664.4868850708
pthreads 750 14 44634.33027267456
pthreads 750 15 47525.86126327515
pthreads 800 1 39573.54784011841
pthreads 800 2 51949.74184036255
pthreads 800 3 49083.63103866577
pthreads 800 4 51985.36157608032
pthreads 800 5 53053.3242225647
pthreads 800 6 51904.96921539307
pthreads 800 7 54936.10858917236
pthreads 800 8 52351.29356384277
pthreads 800 9 53009.52434539795
pthreads 800 10 52064.46886062622
pthreads 800 11 53786.420822143555
pthreads 800 12 52791.27836227417
pthreads 800 13 52180.798053741455
pthreads 800 14 53537.90998458862
pthreads 800 15 54984.71736907959
pthreads 850 1 45905.208587646484
pthreads 850 2 55272.58396148682
pthreads 850 3 56258.92877578735
pthreads 850 4 52052.23560333252
pthreads 850 5 55470.19720077515
pthreads 850 6 56182.1722984314
pthreads 850 7 51458.778381347656
pthreads 850 8 54990.42510986328
pthreads 850 9 59107.5873374939
pthreads 850 10 54120.24021148682
pthreads 850 11 59297.04666137695
pthreads 850 12 62521.34084701538
pthreads 850 13 56429.994106292725
pthreads 850 14 61257.71760940552
pthreads 850 15 60134.7541809082
pthreads 900 1 49803.46918106079
pthreads 900 2 68271.7227935791
pthreads 900 3 65467.36001968384
pthreads 900 4 65908.21504592896
pthreads 900 5 62998.197078704834
pthreads 900 6 66407.1798324585
pthreads 900 7 65986.70244216919
pthreads 900 8 64292.01602935791
pthreads 900 9 61099.25031661987
pthreads 900 10 67488.07668685913
pthreads 900 11 63762.14504241943
pthreads 900 12 64830.76333999634
pthreads 900 13 65471.7755317688
pthreads 900 14 89307.09600448608
pthreads 900 15 77572.8178024292
pthreads 950 1 56013.031005859375
pthreads 950 2 71452.95858383179
pthreads 950 3 72661.4236831665
pthreads 950 4 68510.5848312378
pthreads 950 5 69499.05157089233
pthreads 950 6 70667.38605499268
pthreads 950 7 63028.91492843628
pthreads 950 8 73525.10690689087
pthreads 950 9 71836.46440505981
pthreads 950 10 73285.9468460083
pthreads 950 11 83105.04198074341
pthreads 950 12 80682.24668502808
pthreads 950 13 77623.15511703491
pthreads 950 14 78789.95895385742
pthreads 950 15 75561.6307258606
pthreads 1000 1 62293.949127197266
pthreads 1000 2 79874.427318573
pthreads 1000 3 71936.04946136475
pthreads 1000 4 69660.5396270752
pthreads 1000 5 72138.77201080322
pthreads 1000 6 69336.06386184692
pthreads 1000 7 73477.17761993408
pthreads 1000 8 73946.4020729065
pthreads 1000 9 79732.09619522095
pthreads 1000 10 82273.30207824707
pthreads 1000 11 83558.28762054443
pthreads 1000 12 75580.40618896484
pthreads 1000 13 84624.31192398071
pthreads 1000 14 81452.56519317627
pthreads 1000 15 82184.63182449341
